4294967294,0
4294967278,132
4294967278,131
4294967278,130
4294967278,129
4294967278,128
4294967278,127
4294967278,126
4294967278,125
4294967278,124
4294967278,123
4294967278,122
4294967278,121
4294967278,120
4294967278,119
4294967278,118
4294967278,117
4294967278,116
4294967278,115
4294967278,114
4294967278,113
4294967278,112
4294967278,111
4294967278,110
4294967278,109
4294967278,108
4294967278,107
4294967278,106
4294967278,105
4294967278,104
4294967278,103
4294967278,99
4294967278,98
4294967278,97
4294967278,96
4294967278,95
4294967278,94
4294967278,93
4294967278,91
4294967278,90
4294967278,89
4294967278,87
4294967278,86
4294967278,85
4294967278,84
4294967278,83
4294967278,82
4294967278,81
4294967278,80
4294967278,79
4294967278,78
4294967278,77
4294967278,76
4294967278,75
4294967278,74
4294967278,73
4294967278,72
4294967278,71
4294967278,70
4294967278,69
4294967278,68
4294967278,67
4294967278,66
4294967278,65
4294967278,64
4294967278,63
4294967278,62
4294967279,86
4294967279,84
4294967279,81
4294967279,80
4294967279,75
4294967279,73
4294967279,68
4294967279,66
4294967279,63
4294967279,60
4294967279,57
4294967279,54
4294967279,52
4294967279,49
4294967279,46
4294967279,43
4294967279,39
4294967279,36
4294967279,33
4294967279,31
4294967279,28
4294967279,26
4294967279,25
4294967279,23
4294967279,20
4294967279,17
4294967279,16
4294967279,14
4294967279,13
4294967279,8
4294967279,7
4294967279,6
4294967279,5
4294967279,4
4294967293,131
4294967293,130
4294967293,129
4294967293,128
4294967293,127
4294967293,126
4294967293,125
4294967293,124
4294967293,123
4294967293,122
4294967293,121
4294967293,120
4294967293,119
4294967293,118
4294967293,117
4294967293,116
4294967293,115
4294967293,114
4294967293,113
4294967293,112
4294967293,111
4294967293,110
4294967293,109
4294967293,108
4294967293,107
4294967293,106
4294967293,105
4294967293,104
4294967293,103
4294967293,102
4294967293,101
4294967293,100
4294967293,99
4294967293,98
4294967293,97
4294967293,96
4294967293,95
4294967293,94
4294967293,93
4294967293,92
4294967293,91
4294967293,90
4294967293,89
4294967293,87
4294967293,86
4294967293,85
4294967293,84
4294967293,83
4294967293,82
4294967293,81
4294967293,80
4294967293,79
4294967293,78
4294967293,77
4294967293,76
4294967293,75
4294967293,74
4294967293,73
4294967293,72
4294967293,71
4294967293,70
4294967293,69
4294967293,68
4294967293,67
4294967293,66
4294967293,65
4294967293,64
4294967293,63
4294967293,62
4294967293,61
4294967293,60
4294967293,59
4294967293,58
4294967293,57
4294967293,56
4294967293,55
4294967293,54
4294967293,53
4294967293,52
4294967293,51
4294967293,50
4294967293,49
4294967293,48
4294967293,47
4294967293,46
4294967293,45
4294967293,44
4294967293,43
4294967293,42
4294967293,41
4294967293,40
4294967293,39
4294967293,38
4294967293,37
4294967293,36
4294967293,35
4294967293,34
4294967293,33
4294967293,32
4294967293,31
4294967293,30
4294967293,29
4294967293,28
4294967293,27
4294967293,26
4294967293,25
4294967293,24
4294967293,23
4294967293,22
4294967293,21
4294967293,20
4294967293,19
4294967293,18
4294967293,17
4294967293,16
4294967293,15
4294967293,14
4294967293,13
4294967293,12
4294967293,11
4294967293,10
4294967293,9
4294967293,8
4294967293,7
4294967293,6
4294967293,5
4294967293,4
4294967293,3
4294967278,102
4294967278,101
4294967278,100
4294967278,49
4294967278,44
4294967278,43
4294967278,35
4294967278,32
4294967278,30
4294967278,19
4294967279,129
4294967279,124
4294967279,122
4294967279,121
4294967279,119
4294967279,113
4294967279,110
4294967279,105
4294967279,97
4294967279,96
4294967279,87
4294967279,19
4294967279,18
4294967279,11
4294967279,88
4294967278,414
4294967279,76
4294967278,60
4294967278,430
4294967278,303
4294967279,351
4294967278,337
392,7
4294967279,176
392,6
392,5
392,4
392,3
392,2
392,1
4294967294,999
4294967294,1093
4294967294,1012
4294967279,361
4294967278,57
4294967278,345
4294967278,164
4294967279,322
4294967279,268
4294967278,335
4294967294,489
4294967278,33
4294967279,29
4294967279,330
4294967278,443
388,6
388,5
388,4
388,3
388,2
388,1
4294967278,437
4294967278,416
4294967278,420
4294967278,347
4294967278,415
4294967278,411
4294967279,263
4294967279,259
4294967278,267
385,4
385,3
385,2
385,1
4294967279,383
4294967279,512
4294967279,549
4294967279,319
4294967279,547
4294967279,316
384,5
384,4
384,3
384,2
384,1
4294967279,250
4294967279,120
4294967294,1007
382,4
4294967279,248
382,3
382,2
382,1
4294967279,232
4294967279,117
4294967279,241
4294967279,239
4294967279,237
381,6
381,5
381,4
381,3
381,2
381,1
4294967279,228
4294967279,108
4294967279,99
4294967279,107
4294967279,224
4294967279,329
4294967279,218
4294967279,211
4294967278,92
4294967278,423
378,7
4294967279,382
4294967279,89
4294967279,201
4294967279,200
4294967278,311
4294967278,441
378,6
378,5
378,4
378,3
378,2
378,1
4294967278,334
4294967279,381
4294967279,2
4294967279,333
4294967279,181
4294967294,109
4294967294,189
4294967294,453
4294967294,451
4294967278,399
4294967278,346
4294967279,380
4294967279,61
375,6
375,5
375,4
375,3
375,2
375,1
4294967278,344
4294967294,1421
4294967278,298
4294967279,379
4294967278,418
4294967294,1002
4294967294,1008
4294967294,1091
4294967279,344
4294967278,155
4294967294,1422
372,6
4294967279,345
4294967278,294
372,5
4294967279,146
372,4
372,3
372,2
372,1
4294967279,522
0,5
4294967294,488
4294967294,1420
4294967279,335
4294967279,286
371,5
371,4
371,3
371,2
371,1
4294967279,22
4294967278,274
370,5
370,4
4294967278,287
370,3
370,2
370,1
4294967278,333
4294967279,279
4294967279,349
4294967279,323
4294967279,543
4294967278,16
4294967279,242
4294967279,339
4294967294,487
4294967279,363
4294967278,14
4294967278,295
4294967278,332
4294967279,264
369,5
4294967278,386
369,4
369,3
369,2
369,1
4294967278,330
4294967278,0
4294967278,8
4294967278,5
4294967278,357
4294967279,324
367,4
367,3
367,2
367,1
4294967279,365
4294967279,538
4294967279,0
